116.498798,40.000015
116.513045,39.984101
116.521972,39.97292
116.529697,39.957264
116.532786,39.951605
116.541026,39.942262
116.544116,39.908956
116.548236,39.885118
116.548408,39.869047
116.549438,39.853234
116.543601,39.845327
116.513217,39.82305
116.504806,39.819754
116.482318,39.811447
116.4691,39.798655
116.46292,39.792852
116.438201,39.790214
116.444724,39.791005
116.433566,39.788499
116.422923,39.772536
116.388076,39.759341
116.382583,39.758286
116.37709,39.759737
116.373828,39.76871
116.370738,39.775835
116.343101,39.778737
116.307223,39.781771
116.291602,39.775307
116.280101,39.773988
116.272891,39.779265
116.26654,39.79549
116.265853,39.800106
116.26551,39.800501
116.256927,39.818567
116.248,39.828982
116.238216,39.832937
116.225169,39.845327
116.220191,39.856793
116.209891,39.870891
116.207488,39.878796
116.210921,39.892363
116.211093,39.915013
116.211951,39.925018
116.211436,39.941209
116.217101,39.959106
116.220878,39.980681
116.221049,39.989625
116.222766,39.993834
116.232551,39.997253
116.25006,40.002645
116.263793,40.003039
116.269286,40.005406
116.272033,40.009088
116.273578,40.010797
116.287311,40.013558
116.335033,40.02276
116.353744,40.022892
116.416228,40.022497
116.435969,40.022103
116.455367,40.015924
116.473992,40.01507
116.482747,40.014347
116.489699,40.009613
116.496995,40.002119
