#天津限号区域
117.119712,39.241732
117.113532,39.238276
117.105292,39.222851
117.102889,39.215669
117.104262,39.197446
117.100314,39.180815
117.098254,39.152467
117.097911,39.135159
117.100657,39.114918
117.1113,39.095203
117.119197,39.08481
117.162455,39.058423
117.167949,39.048825
117.194384,39.036292
117.229747,39.031225
117.293948,39.043225
117.321071,39.080013
117.325534,39.11252
117.326564,39.123175
117.315921,39.160187
117.250689,39.179351
117.22082,39.211812
117.172069,39.254627
117.154902,39.25702
