#北京4环内司机有证才能进入
116.275209,39.969467
116.284564,39.974926
116.293491,39.982753
116.299842,39.984923
116.306108,39.984989
116.336663,39.986239
116.401294,39.988211
116.434725,39.989247
116.437901,39.989017
116.447127,39.985762
116.450003,39.984151
116.468757,39.971506
116.482404,39.962625
116.487811,39.957297
116.489614,39.952099
116.489699,39.935385
116.489699,39.882221
116.487296,39.863381
116.48352,39.847172
116.47837,39.842164
116.469958,39.83676
116.458114,39.833201
116.428931,39.832278
116.345676,39.831223
116.335033,39.830696
116.294349,39.830531
116.287568,39.833827
116.285594,39.84167
116.284135,39.844042
116.282933,39.860976
116.283277,39.865324
116.274779,39.883669
116.273406,39.897367
116.274436,39.93239
116.275294,39.957724
116.274951,39.969829
