116.348572,39.867054
116.348572,39.871402
116.321107,39.87206
116.327115,39.889185
116.32763,39.896561
116.335183,39.896561
116.325398,39.942114
116.353722,39.94185
116.355847,39.950668
116.358421,39.943693
116.372498,39.948431
116.370438,39.967378
116.380737,39.967641
116.380909,39.972378
116.407345,39.972641
116.426056,39.961721
116.432922,39.948825
116.443222,39.945535
116.445454,39.929478
116.434296,39.929741
116.436699,39.899985
116.443737,39.896956
116.446484,39.878647
116.442536,39.870479
116.416958,39.870743
116.413525,39.871665
116.413696,39.858753
116.394814,39.858884
116.379707,39.863892
116.381939,39.870348
116.359795,39.867976
116.348465,39.867449
